# Number, Name, GpsTime, Obs, Triggered, Pastro, IFAR, SNR_H, SNR_L, SNR_V, M1_template, M1_template, XE_template
1  151011_192749  1128626886.6044922  HL  HL  0.21  0.024407519926272336  4.673669815063477  6.829634189605713  -1.0 33.485386861031415 65.56728825494324 0.10966758829049944
2  151205_195525  1133380542.4094238  HL  HL  0.25  0.03196595204364391  5.87346887588501  4.8104095458984375  -1.0 81.6114152359182 77.72870364962944 0.14082769872340758
3  170425_055334  1177134832.190918  HL  HL  0.41  0.06940663775268431  5.322480201721191  5.775193214416504  -1.0 46.08652243897377 64.99734568309506 0.056786168314469934
4  170704_202003  1183234821.6201172  HL  HL  0.34  0.04832310609916033  5.066905498504639  6.519252300262451  -1.0 9.998886083091833 13.202581983667018 -0.002318983432164871
5  170722_065503  1184741721.3156738  HL  HL  -1.0  0.8910780633583384  5.044562816619873  7.346311569213867  -1.0 1.6731281138013134 1.3016719520883142 -0.04000896740877491
6  190404_142514  1238423132.993164  HL  HL  0.44  0.022020522121771656  5.095435619354248  5.88895845413208  -1.0 22.4839573629223 24.505323462261597 0.10958616314329234
7  190426_053949  1240292407.2126465  HLV  HL  0.32  0.014791335547549753  5.171506881713867  6.118642330169678  -1.0 20.68635285959872 20.02721300741691 0.19244110997641523
8  190427_180650  1240423628.675537  HLV  HL  0.41  0.02084284832807073  5.77358341217041  6.849762916564941  -1.0 13.019500028017804 7.88855057880061 -0.03900144015463007
9  190509_004120  1241397698.7861328  HLV  HL  0.31  0.012563721225919183  4.66041898727417  6.162292957305908  -1.0 30.131218707567033 28.205614171515347 -0.02751320497138104
10  190524_134109  1242740487.3552246  HLV  HL  0.21  0.007134578388254267  4.2651448249816895  5.9768595695495605  -1.0 123.25775104948066 77.16704938716639 0.1608782065773703
11  190530_030659  1243220837.9682617  HLV  HL  0.31  0.011882045262049817  5.216359615325928  5.7713398933410645  -1.0 26.323777014646314 45.376600117961544 0.18980959119750537
12  190630_135302  1245938000.4853516  HL  HL  0.23  0.008587144941171621  5.057592868804932  5.759872913360596  -1.0 32.647945374397615 19.20267898844814 0.011674744286786573
13  190704_104834  1246272532.9189453  HLV  HL  0.26  0.01067140137179278  6.992696285247803  5.498373031616211  -1.0 5.030347670290676 5.429491589990241 0.09131683854682504
14  190707_071722  1246519060.1010742  HLV  HL  0.21  0.008582004234092281  5.9878058433532715  5.721972942352295  -1.0 10.653880378373605 14.063826070838909 0.04834025431234988
15  190805_105432  1249037690.7790527  HL  HL  0.41  0.019356512839581848  4.80908727645874  6.491985321044922  -1.0 9.370218209355492 18.279380799049548 -0.06095991319371599
16  190808_230535  1249340753.590088  HLV  HL  0.31  0.013438365654377626  4.983068943023682  6.531045436859131  -1.0 13.571995878820452 13.646389512966707 0.1824454032362956
17  190821_050019  1250398837.8759766  HLV  HL  0.23  0.009964814460675214  5.20599365234375  5.62067174911499  -1.0 26.76372838088066 17.014198637421078 -0.05956663558994074
