# event 	 srcmass1 	 srcmass1_plus 	 srcmass1_minus 	 srcmass2 	 srcmass2_plus 	 srcmass2_minus 	srcmchirp 	 srcmchirp_plus 	 srcmchirp_minus 	 q 	 q_plus 	 q_minus 	 chi_eff 	 chi_eff_plus 	 chi_eff_minus 	distance 	 distance_plus 	 distance_minus 	 redshift 	 redshift_plus 	 redshift_minus 	remnantmass 	 remnantmass_plus 	 remnantmass_minus 	 remnantspin 	 remnantspin_plus 	 remnantspin_minus 	 snr
GW150914_095045,34.66559045003329,4.692592571816306,2.76181645180651,29.809595820045736,2.7983323686545987,4.401770370071944,27.88185126094729,1.4214052796282033,1.3435443514618122,1.1583685142786115,0.3671315703663369,0.14512450288844825,-0.025594673293035643,0.10642892449725419,0.13101818994174777,533.5953938071623,123.1185352694672,156.53789805929193,0.11141544950235928,0.023640522303599684,0.031036306324309357,61.47309548390109,2.912823209896686,2.674612968294042,0.6736135511650498,0.03459396174006324,0.04705476152324706,23.819400219086006
GW151012_095443,26.970458734922023,10.485771695221072,7.914538999297438,11.782414489176709,4.310899479494683,3.073650656266727,15.166859957836087,1.1122434209192793,0.8955523069422888,2.2841867754674627,1.9765688502547967,1.0850991677435098,0.047291988162825836,0.21759776625564167,0.1471858994176909,927.1904539928425,455.67947563073676,328.9032523362912,0.184960236606937,0.07898484975756359,0.06104411883690733,37.43892842630355,7.736148750741933,4.759086837606546,0.6246962956156341,0.08313943947449776,0.07738903365197236,9.843455663399205
GW151226_033853,13.763176171296742,11.47330165483908,3.1786502878143494,7.526727473512145,2.1944096265164577,2.6870381232674676,8.81745695154754,0.33464174977704,0.2211250810410892,1.8268860092236692,3.3749395211063344,0.7374037717810908,0.20114471937889197,0.22897281190715188,0.0747085660415027,489.14266139128205,139.22434447075017,195.9968552037717,0.10271913757258797,0.02694947557949942,0.03948282463714263,20.321666231648326,9.057899303789153,1.312176117797783,0.7212861326177225,0.020943722665126452,0.035826545377522834,13.258473532714532
GW170104_101158,29.06913330615616,6.337564955070803,4.448383867385335,20.5108428026498,4.2411154729047205,4.331858798057102,21.048385282491235,1.9300239383679454,1.459218353042285,1.4126039093076195,0.7177216391823602,0.37681319776390154,-0.05671815620949839,0.14873195377091447,0.1803003127675562,1076.6934791546355,383.6176819053103,457.7921937941197,0.21150774078232473,0.06533554280456524,0.08364534909619128,47.540731570353216,4.188153547243772,3.258811709023128,0.6462642593713249,0.05665656969110067,0.08645877900833765,13.680965878356144
GW170121_212536,33.00582041636079,8.653050476072131,5.553770650252794,25.136263965114264,5.560923178942762,6.383544496123488,24.88455101131017,3.660403749775675,3.2276534622906823,1.2896786279024464,0.7848178568361757,0.2657177288996806,-0.18770705842259966,0.2338265276231515,0.2858167320741904,1164.0768506480147,981.0998784278215,673.0118101769721,0.22672380488980137,0.15899670470697003,0.1236267839160653,55.93430915811842,7.918043441104203,7.029270888750652,0.6112661861137895,0.08044513726294611,0.13348662613098544,10.856052467150779
GW170202_135657,30.94118356487681,12.629343021159713,8.20048881539142,13.713525083648392,6.31847737672161,3.8369875641902205,17.50674410883758,3.1205030650413157,1.472690366254188,2.2575247654891877,2.099707519440029,1.0645600672960653,-0.07982605367550147,0.2892318361779275,0.30879248527691583,1421.5146653658303,735.0929343970824,607.5243315492236,0.27039889533044803,0.11706987250548695,0.10601059072186092,43.61896663694902,9.741825329810688,5.625608647888228,0.54246501515,0.16870902818863487,0.14685214957954817,8.51373176152725
GW170304_163753,44.533133308585136,14.681414421959637,9.024529218109237,31.655218962958294,9.318585649293475,11.170400854550572,32.12677517784837,6.823288441434222,5.519771001670147,1.3806289456861558,1.2596784544511834,0.34946420391339283,0.09529735639596838,0.27222574551050477,0.2628729760666581,2354.169736268268,1583.5054777616997,1293.0415546330214,0.4173858909795764,0.22355596722044851,0.20861107836699744,72.44834753372383,14.996896265224166,10.76742178171071,0.700254523950871,0.09340059467452433,0.13332760450841818,8.65770290596108
GW170403_230611,49.110265906397316,16.368410620927733,10.475515209179918,35.763310800193196,11.378870968658156,12.405805541254036,35.92951381390634,8.69850529413523,6.710390959613974,1.3344202838241266,1.1488428909133273,0.3068494552405172,-0.20593799961968756,0.32860335869644497,0.3455820535295095,2967.263146852676,2204.1172266774192,1539.5238626066418,0.5069888784184043,0.2942400020905994,0.2355539945672599,81.43735821171276,19.017995386301408,13.99410995668704,0.5953800042586135,0.11426443392200547,0.1735467777192523,7.669448013603508
GW170608_020116,10.62809440394318,3.136252390119134,1.3480005038983922,7.964102810271021,1.1138569359049404,1.674525166542641,7.990927117525635,0.19064922287454955,0.19718171726280787,1.3333778305687436,0.8512195725955976,0.30699867061278585,0.07049235767171222,0.10656719158126493,0.05757432802441269,320.5264857917657,128.80130371851487,110.3192320420016,0.0688717058382036,0.025981285211321287,0.022966077793149457,17.766694001249597,1.4904678680809624,0.5761995232595893,0.6944505527035112,0.018792950551600685,0.03252406082657722,15.240642260037319
GW170727_010430,41.33141145777074,12.07519533179088,7.634417110189823,30.822088098906057,7.961467592269564,8.913214571529391,30.739491992152633,5.5364452006870515,4.58145437927055,1.3115452818459865,0.9087022460475602,0.2853072542444981,-0.0401170242678772,0.23374752775069801,0.2952741047405656,2153.43014536802,1528.6978628088327,1049.598796560989,0.38698300178295836,0.21947042312818382,0.1707269888065447,69.10321079530387,11.932907412477192,9.681098424537062,0.6590026560244187,0.0795404795435829,0.14209278375245515,8.847810812099032
GW170729_185629,53.77491711549061,12.142614812572916,11.773384197662608,31.582541722254994,13.00645664020577,10.403515360359002,35.09805183783887,7.871795097076898,5.775095403588264,1.6991426480304415,1.1364563894998732,0.6294092233559099,0.2760017191879095,0.22320449870516884,0.29283338137125187,2235.627614366021,1589.9329290991127,1214.8768218849095,0.39950299019951147,0.2263703788439015,0.19785041845990178,80.85244323829855,15.008100551860451,10.9776810337776,0.7558869275210898,0.0815119410548818,0.18093782129939917,10.762631794226165
GW170809_082821,33.90477326352512,8.245192681684472,4.998399599706826,24.514958206863717,4.676637043103856,5.5194837476927106,24.858383915538223,2.100179091518754,1.5811135976142765,1.3739874828600358,0.8039747810801396,0.3427399700733529,0.07982097195809328,0.16487329040671728,0.1626858360727319,1068.577135858465,293.0097826824169,364.02128985108243,0.21008355385436003,0.050292566820252155,0.06600699717930578,55.808614491036174,4.8406954981931705,3.4653402132199673,0.6928541218169924,0.06019557738788994,0.07794445053525101,12.401900925445364
GW170814_103043,30.93173222011827,5.429524878367481,3.226289920875562,24.900937940979905,2.941143797285026,3.9660605347041695,24.04988378656989,1.3358112929402388,1.0352008833167368,1.2375198220175898,0.4794788170459383,0.21449585554031692,0.07430841139718664,0.11689901625016769,0.11577125024448776,593.2041569203493,149.23301578087376,206.7130619404939,0.1229403749869971,0.028216768870422446,0.04065714969614448,53.19043618589606,2.9752071871885946,2.335525720919911,0.7011318858388859,0.04158699291513568,0.04481086109389898,17.44075362892068
GW170817_124104,1.447412374694019,0.1446339678249804,0.07396618712701919,1.283735124581911,0.06820634446947715,0.11116719757602755,1.1861315035061715,0.0027582546740376745,0.0014106641367375161,1.1274337256126816,0.23005691200834022,0.11149017187234955,-0.0001942473535402062,0.013066583416981942,0.007098480263129416,42.7673078446023,5.397700101095829,10.433635418254482,0.009593089969682026,0.0012009392732784188,0.002327539393606216,nan,nan,nan,nan,nan,nan,32.69044760942858
GW170818_022509,35.203621265349376,7.0713793646034375,4.590836942063454,27.00662563798719,4.429963715872944,5.3415256026859055,26.672967098278214,2.158515308958858,1.8693280864657318,1.2989620960761563,0.6094329756321613,0.2753442854046966,-0.06799938214850698,0.18814729180488665,0.2305199124160136,1073.3278266079988,434.3193719635731,411.3060082353128,0.21091763284719622,0.07374366228805201,0.07485641914491412,59.60530570758817,4.651655027002079,4.009653516146159,0.650870620357314,0.06599432367463065,0.09466339501973997,11.773894195661253
GW170823_131358,38.07138364732624,9.735243703777982,5.97585487541248,28.619997484979514,6.41056446128777,7.518708335660946,28.365886248215894,4.220295157279182,3.13068721514146,1.3118877515268788,0.8280537723723536,0.2870218522883603,0.046080419079617484,0.20101929755604742,0.2300478831167827,1965.0712494262652,810.4373653346447,873.0903939371976,0.3578977778201473,0.12154597014651669,0.14371257134650828,63.46538278773274,8.969584598450233,6.292278241543762,0.6861535440624688,0.06851446672096217,0.1064921082877518,11.413038543483843
GW190408_181802,24.585038420219963,5.167469736133079,3.416970237714743,18.395962699189894,3.3871908608292642,3.7241401407398413,18.314555816209555,1.8419683653380936,1.1770030481639004,1.328487480452296,0.6473273590600821,0.300989627666747,-0.03672405820915017,0.12546768808582312,0.15965300931260087,1584.7792351581122,447.40813946923095,624.7900758988507,0.29729706575659204,0.07102953318713551,0.10645429699069436,41.0758374879967,3.867577345599919,2.7051690659063397,0.6576264676693079,0.045060002602939075,0.06620889269689079,13.985127929716048
GW190412_053044,30.363572104372,5.827693059966624,4.156308411057658,8.226178450119548,1.239510131109462,1.0680052886252422,13.21910348713906,0.5020196836020308,0.3495397527020856,3.687889986411721,1.3569393713427451,0.9040737811467716,0.2523490967030258,0.1161942946828946,0.0968031372965727,756.5755667970674,155.90322171073956,199.8426395051681,0.15378612847292836,0.028524462974600817,0.03787905756256375,37.45983639186523,4.9211533353154735,3.209212668278475,0.6487361767573244,0.0411392416260693,0.03436495454543431,19.099765980512263
GW190413_052954,34.71421389822801,11.21731171355377,6.677122603458507,25.054975564583348,6.682388065807984,7.325340512687944,25.373920364560483,4.821092482147325,3.6890789220368134,1.3619083392340128,1.0277689071966416,0.3317979703940541,-0.016952603698054295,0.2692684314929067,0.3301477024160913,3192.7543438160246,1783.8404680214726,1366.4180786086397,0.538882290596061,0.2376401254360957,0.202784050618588,57.27613905512046,10.682126852885126,7.932775546984054,0.6608724742430689,0.09391774768702177,0.15148055448557984,9.025757046336517
GW190413_134308,51.62478001210162,16.948238918845327,12.746600117690626,31.15152482952717,11.377077456204105,11.869582586875374,34.07363873794408,7.5228122203419545,6.360971482065494,1.6443040036292607,1.590777694831247,0.5905895236873859,-0.014789193837453937,0.2660140859491573,0.35483129665922164,3834.8473511012016,2664.516228997347,1898.8318546191351,0.6271256125827944,0.33779057145421476,0.2737655002529329,79.40932860590493,15.98321259775939,12.941149776713175,0.6426335034231601,0.10726517296128224,0.24515444374781314,9.93792765272596
GW190421_213856,42.24102456515799,10.832756294226229,7.843610730910882,31.41936063298683,8.508824115948904,10.631443059937038,31.11015219125806,6.015860262545438,5.073291119619331,1.3081680410673688,1.0535806789873985,0.28389675383405577,-0.06355716606633609,0.22657502243917355,0.2996727764439142,2678.8998705671847,1604.99007532638,1250.6796268134485,0.4654088466418283,0.22148862657983354,0.1938939147526439,70.05730308382054,12.312348235436104,9.819744434402978,0.6485725450783291,0.08184560536273622,0.1523059163000952,9.882912717428171
GW190424_180648,40.18424965275534,10.865608997490185,7.1382125962341405,30.662630793059453,7.340393588583364,8.431373903815906,30.30271560643558,5.120085803172049,4.4074328581606,1.277980112216001,0.8313983549821586,0.25373759167737364,0.09121748717596283,0.2208491386340652,0.2665767601577615,2133.866155885622,1465.9403410750747,1115.4263582582091,0.38398812805710003,0.2112436044797057,0.18274463598827867,67.59928270547134,10.940571847943147,9.318392705626607,0.7043231039199607,0.0737608004532968,0.11602307731000949,10.29106346487592
GW190425_081805,1.7833384354940296,0.20241902023811886,0.12187153015012564,1.5187359167179275,0.10855338042675466,0.14531478335362524,1.4321526870347225,0.012882006103308141,0.013498048089696235,1.1743095407667288,0.27065542931931597,0.15236482579607258,0.022006320313988144,0.01868655323320169,0.01810407972282955,174.34723949610893,46.32748266383496,42.850927400497085,0.03828446277765408,0.009830821190211385,0.00921441802285438,nan,nan,nan,nan,nan,nan,12.43597857822889
GW190503_185404,42.53208918747925,10.915678687930004,8.48557730268633,27.460211017572703,8.079180647447835,8.711845721448473,29.157622544197064,4.824566916317014,3.915325150137022,1.540350324960847,1.1535543121491603,0.4953185031222449,-0.04095878836727793,0.21553074907415617,0.2930732442003827,1478.2078253292525,607.9780412964587,619.0695948011581,0.27980497078083744,0.09685923805830232,0.10716058988589025,66.87626503721073,10.02693030849322,7.339225374698586,0.6392089467980939,0.08582029392128598,0.18099787449816407,12.199393752419248
GW190512_180714,23.239766001177543,6.066092956539844,5.799559509638758,12.533164268122826,3.628200924212189,2.7004348665785987,14.561124104246156,1.4101224775272936,0.9289354120317146,1.8606022858559,1.0545009744426705,0.7619490375781521,0.038250476027162,0.14215939699716867,0.1501154476045128,1499.44855261525,481.20930016378,617.8486818728295,0.2833106046157785,0.0770156705401508,0.1065843639263569,34.389035524402644,4.324697572744348,3.5356078375366593,0.6463366037927665,0.05765992351644589,0.07335901218816754,12.041375638875255
GW190513_205428,35.189185623725166,10.665092095571602,9.264132940691034,18.137141225916878,7.437933815113471,4.962562322126441,21.516159299534767,3.443972291589361,2.1678132481051335,1.943344455479797,1.378249295239056,0.8701260510913986,0.14422308221171318,0.23191915860248977,0.20902412300279563,2194.653768113595,832.8753957333024,815.4849672989928,0.3932745594455567,0.1222887082548702,0.12994937267922224,51.3973969533545,8.102926871033304,6.3881459513977745,0.6870930691491737,0.10149380670803942,0.13346139853755834,11.993228685156625
GW190514_065416,41.428613741602,18.796130658628364,9.610449215079946,28.871632157727603,9.567389156414926,9.72953307876432,29.757201731759068,7.627201342446369,5.723360990618744,1.3995420689471212,1.3402689746208032,0.3665712137226518,-0.16930499682255745,0.3043894145928487,0.34615134324274993,3703.8830359220983,2662.2253337780057,1939.3970366455492,0.609408752522623,0.33941572325789204,0.28313937189308036,67.757124110149,18.484661251072126,12.547397367624598,0.6033351333977847,0.10733781230480754,0.1789511285920642,8.068919508478121
GW190517_055101,38.76996628200795,10.512476572548273,8.15409701661098,24.351879050273986,6.434124576399299,5.794964465344069,26.619672113975884,3.168039302907573,3.6117271115594995,1.5886072111147795,0.9169951537825796,0.5204723231245862,0.5240274996374813,0.1645648900016221,0.18616295798211613,1839.3025198895293,1438.2962151361453,846.5356439916478,0.33815020832697645,0.2126017923104458,0.14146201160548713,59.577721247126895,8.111154381880077,8.212218771043155,0.849469917616358,0.04010764167876102,0.06977181668404397,11.357563089343994
GW190519_153544,63.73654548526676,10.7141668712257,11.18988037815408,39.74391771804004,12.391164905797616,13.625155187956658,43.0465565337177,7.01572053696227,7.615371131996106,1.5958215902000086,1.0683115086427788,0.4990055991725859,0.3229762699435707,0.20320307040652336,0.2515820608348079,2668.7548174782396,1877.1770804974722,1020.7025884659981,0.463928124946727,0.25721567641753446,0.15635738919836067,97.6556064729163,12.76465785322928,12.387230745158078,0.763070074515699,0.07575929202086118,0.12402459631130691,13.578597659450685
GW190521_030229,101.69889711838691,27.602798832204527,21.353561479814815,57.64908924371383,19.624035281373835,28.713306182175913,64.94998577916296,12.13209056414685,14.208312284726105,1.7582680113880795,2.786357671390261,0.6364786938876084,-0.20999998376618195,0.47914979685650855,0.39506959072720166,2833.4937935655635,2705.336944143168,1412.4223927302892,0.4878166033108295,0.35949522873298273,0.2174914822907662,152.019714962628,25.50155340895944,17.042970498990115,0.5401368763933502,0.20966926776355777,0.4726525230976113,15.15512371094412
GW190521_074359,42.674587574866976,4.433678723774584,3.9847598728705194,33.2138986588951,5.914189805156752,5.263402758213356,32.615753186833466,2.769611219757792,2.3523693440406106,1.2823686311732692,0.3391769444185688,0.2482480163768941,0.08704867164596469,0.10113877141792688,0.10733595795478887,1111.8999054103301,410.4699836429802,434.0282239370308,0.21766374794464163,0.06941906043737758,0.07860748659744707,72.13245152144867,5.374449836092339,4.398808972637497,0.7028171885559332,0.03616383177417115,0.04379345170029181,24.374797309899506
GW190527_092055,37.49908921673598,19.69231305916351,9.063429840053871,20.89846427493711,9.335381067643468,8.725316725363776,23.621826199783,6.720244219102735,3.7451939696970378,1.7640881335290015,2.578413716479959,0.6655180149520719,0.08815931875807234,0.22989511978107904,0.27271972512015813,2340.0852967594665,1902.990106338806,1118.7626714931528,0.4152717499953486,0.2662513060089316,0.17869207019275546,56.320219172848155,17.17538981487087,8.580896249863613,0.6701372961794803,0.09993117339673707,0.23831212197301765,8.701568981842362
GW190602_175927,70.56300159994174,16.921844825775267,13.392005660465294,43.61967986065177,14.397205723134931,17.29579674771138,47.2933772683271,8.37801199616964,8.699745818243713,1.6044652125473808,1.5524501005946738,0.5195842325224349,0.12323065734483182,0.23584517522968965,0.2671387043721215,2896.608537268455,1712.8776621055035,1144.6368648777752,0.4968858957113976,0.23249818700244745,0.1726140541381046,108.78110386453733,15.742594630520017,13.770594862750329,0.6887421969765419,0.09556296432042422,0.159296013493459,12.186623713865988
GW190620_030421,62.78145618096913,19.290192161159254,15.229902071044705,28.508257451506857,13.841243655238536,13.803526360490142,35.93525541172899,7.029549969931651,9.918418733887975,2.2107493803012392,2.666703094892183,1.0238596539638354,0.2666031269582653,0.22489870784718496,0.6831824485943199,2799.8640734064797,1567.484231397883,1564.2839739828753,0.48296490893788513,0.2148878671075818,0.24394387824841116,86.75567334263444,16.919612652471372,10.74666396662262,0.7335107932472792,0.09999285085106557,0.5783565747638649,12.113212187490808
GW190630_185205,33.74145243459486,6.456828635235681,5.213919003473027,22.998012781539238,5.063059876355144,4.658966071087004,24.012815764814853,2.267979170019199,1.5262064250618081,1.4571789718314063,0.6892615243097202,0.3982650334257567,0.11941940212180484,0.13973841818849314,0.15238896262105733,1191.8508718893756,498.08842278368456,408.96068158725745,0.23151643676443423,0.08281132578449302,0.07285644198996147,54.323581530942946,4.183250218314271,3.9280530728727143,0.699947325481673,0.05306554759179227,0.09470060834944971,15.31981641430295
GW190701_203306,55.15278372640667,10.555545117660046,7.429453702088907,41.17273836018974,8.434829596219565,11.381681229134635,40.98219105355618,5.005834348431186,4.807860848446339,1.3269564045876998,0.7889267431146227,0.2856696272276342,-0.08763975459774603,0.21898763309656818,0.2751370473958181,2015.0300645174402,690.8982617050947,670.5885337490786,0.3656676386075903,0.10367921969216937,0.10817445171883766,91.89859296456719,9.9608101552801,8.374098138282605,0.6403564374807305,0.07683973926839494,0.12882236457197338,11.804759010367215
GW190706_222641,70.24912590385516,13.58567602305294,15.247351949057318,36.977100396523255,13.728834824696172,13.075568021022846,42.95716468417793,9.140013951066841,7.205612769850312,1.8676069852841468,1.4065756288684,0.6662226012780608,0.1865612692639464,0.27792187936263796,0.35499838539940815,4111.235649545517,2187.9662667887587,1729.5850778152112,0.6640857101184131,0.27663381415919386,0.24258209049707624,101.38288764331438,16.26576864059436,12.458422478251322,0.7099117488244097,0.11155754888650515,0.2188514660191485,12.609996127594838
GW190707_093326,12.238191671283431,2.3575564132686946,2.3331732074690024,7.781711500279802,1.4355186567311184,1.2664342594936606,8.381699175385533,0.4386547223146202,0.3374100249990164,1.571529124185445,0.6540542940976977,0.4889087411580686,-0.044135893649342006,0.09502286611632202,0.08631949180346976,901.2838164404848,277.8116959460526,331.5509962501484,0.1802895545509332,0.04902848619892261,0.06186901197617366,19.12010140732503,1.446271881823197,1.211722917532807,0.643048088817764,0.029114326484545372,0.03402513165222931,12.808590109435396
GW190708_232457,17.840346279075998,4.536415583319318,2.4315640032879067,13.01508098014258,1.963742856596033,2.899364839221654,13.168437594858405,0.7410755695014561,0.6510032106193435,1.3724668268986921,0.8226393206428029,0.32830626197994106,0.013630923795278348,0.11567321841928725,0.09201289939595861,873.4314770952257,321.8286580219152,328.61999584777766,0.17524374696658587,0.05685948880179309,0.06164803969897559,29.505681816816974,2.4251484368868077,1.610666815294529,0.6717013104485002,0.02738690902921348,0.04607567719331962,12.741208169837716
GW190719_215514,38.001080630778624,41.52304275858946,11.141655957102856,20.682770942287654,13.792917292592598,8.20017174052805,23.565045029046704,17.113071509428234,4.478365603886893,1.8435475067584388,2.682605665203721,0.7630532033237183,0.22195525065653185,0.35776087125594325,0.29679764724064667,3606.685234978413,3355.9803651749626,1776.2159689529187,0.5961717686554876,0.4241847283053358,0.2594194626369635,55.87342733119953,46.04157390920695,10.599797797091156,0.7207830490916262,0.13113209712917917,0.19707072291071492,7.930304630271579
GW190720_000836,12.923173974957724,6.3749561626665425,2.773814164161756,7.680908367643158,1.8706773638396923,2.3927189289239053,8.605481624755946,0.5957802534639622,0.5390058858886473,1.6810490370815705,1.928326950603144,0.5974399955962542,0.17934748641473758,0.1716345639243843,0.09536329437888565,1054.5169513029557,475.4205020735658,412.75371306297006,0.207611975744167,0.08071415875866217,0.07539341932624433,19.814182993307625,4.175715723390397,1.8518810477719896,0.7140658697209178,0.02551995625043879,0.041701266623594635,10.667451532575058
GW190725_174728,10.690602029644099,16.07729778481375,1.4901898119889445,7.004027956210966,1.8132059558797833,3.562184879121604,7.71947180018466,0.43709041639266566,0.7058654904187183,1.5133269341266566,6.334513712986778,0.42236804722248067,-0.0689193521466663,0.43809933815878627,0.0949882064539556,801.507329324193,687.935197063922,322.9240555721012,0.1620931559578297,0.11956726747389346,0.06145298905935495,17.752716640954823,11.964537315732834,1.7981743708874394,0.6264600931233901,0.052850641900172746,0.0568674584363944,8.62351502922193
GW190727_060333,38.3752263251726,8.512804394204217,5.63266435074798,29.11020116705032,6.342044834085108,8.268037917126811,28.66316924278235,4.421645161308138,3.4161745273662056,1.297209237594033,0.8429189525672225,0.261322552133918,0.04999247238173634,0.22335513416370564,0.24296100554006714,3102.045030905036,1236.009900856558,1132.4422066438651,0.5261138791943143,0.16789850364239645,0.16750914789828436,63.9688120695366,8.971020817414995,6.419097143409537,0.6906191767456624,0.07699800225607079,0.11197092475668058,11.377600540969254
GW190728_064510,12.236060214565855,6.2378651153117115,2.2368041444806597,7.84709485102662,1.5679376813093473,2.2189053527299922,8.46378885787406,0.5106134026865039,0.310082946815637,1.5574856812041724,1.7160992033198492,0.4869188757211118,0.13216586860952492,0.19694618406489642,0.07695524030125642,999.5106655176525,254.68172312356307,367.50846579261304,0.19788673547067812,0.04431342307572725,0.06752550585717132,19.166984828671648,4.15895570217009,1.1120193905215174,0.6980181413632314,0.02440868370433069,0.03808008557014397,12.735737069543822
GW190731_140936,40.868917194793504,11.868581238930368,8.686565236827555,29.37241780452106,9.60952188585107,10.826820529608177,29.545713570431214,7.068501021302314,5.751431838335563,1.3541164035118076,1.1666613536715322,0.3259646317180722,0.02265111230366867,0.25640916221369947,0.28530485242217085,3345.3681191318406,2522.6104955336846,1725.840557425713,0.5601850556490714,0.32786551049222834,0.25723586837507684,66.72086145133045,14.396230733270357,11.245337639425088,0.6756909117169827,0.09005031484806114,0.15531334285632414,8.105711736412147
GW190803_022701,37.55136130194584,11.114131584237185,7.226880914070929,27.48160362223806,7.834579988401089,8.602718643890299,27.506179726781998,5.695453832998393,4.21031435404397,1.3365376902485466,1.0004310929880846,0.30981797769247454,-0.004969962917492807,0.23789578542640205,0.29077422581952683,3288.557375053604,1882.0130231712155,1573.9916742917608,0.5522809787352592,0.24884551910494468,0.2339969134807121,61.96943411526499,12.1363327157935,8.727164849024,0.666352861520195,0.08463500769013876,0.15056864473994058,8.49772765161672
GW190814_211039,23.065471462818813,1.586872609100606,2.4185661656050357,2.588641717029533,0.1958540272481284,0.11727576131187645,6.074965555950208,0.05758916552248117,0.056275906028179,8.91737851951133,1.0533107789608476,1.496822576150306,-0.012471759460882624,0.07034416440619143,0.12515695245706043,240.90093176778717,36.752031581615796,37.04818135797379,0.05236630547248678,0.007662872733538856,0.007805363519154687,25.40706538994479,1.4844464183410437,2.2335108908808046,0.2710233155028329,0.028860078539091727,0.06338869070783981,25.123283504438902
GW190828_063405,31.80903432410517,5.192944147852579,3.859010420862141,26.559695844938584,4.9491168754277375,4.986557599003078,24.96502550033554,3.7011540375732928,2.1312481501926364,1.1726343679893547,0.4448526624372158,0.15747354616928821,0.17876588096133458,0.14618610512769545,0.15600003188604736,2120.3327319717223,719.1354223381663,925.3054282801882,0.3819127910859506,0.10676364629251073,0.1498496300315209,54.86487890647711,7.576970989462858,4.372897805141264,0.7367850626936332,0.047174672319523214,0.05542752763405767,15.826532709262116
GW190828_065509,23.475708958627983,6.041286631851229,6.039509158445586,10.871539117177356,3.4484168388621583,2.1697614842841766,13.674280641002609,1.27313131595999,1.0474377790939648,2.150986383587124,1.1432286209047735,0.9056486412179523,0.047112990250168345,0.1505008787100606,0.16495935522261915,1393.3383480616726,656.7768294940879,573.0727574560378,0.2656966551749707,0.10540324823786706,0.10015662071734835,33.21259977156785,4.566028891211204,4.046537593695206,0.6282426579008001,0.06110980545322675,0.07638211221324831,11.069513325706495
GW190910_112807,43.46213758612987,7.697817407573211,6.960383128367155,33.47546966692056,6.350856005246044,7.179378427679794,32.99216335493858,3.9230395577224613,3.8886435593926976,1.2820311941846347,0.5325858237196888,0.25464905925358594,-0.017703943917293748,0.1652132496572147,0.19206017006828394,1609.3533142238193,1138.8223063202186,694.3793893265339,0.30129689982758706,0.17418687945744277,0.11853650171729427,73.49299572988423,8.11510543204588,8.34313524748383,0.6701176771422035,0.05880154459222753,0.08325122982799726,13.465870696894077
GW190915_235702,31.57261845703283,6.282175880322839,4.189780575883354,24.984585442932215,4.289144304204566,4.6408932244591625,24.240481052683673,2.778090111450517,1.90869575857878,1.2496508278481122,0.5408081777586893,0.22981210870642954,-0.03427577014966512,0.17375856940577636,0.21093541067326402,1777.7444043094936,642.27669368695,693.2195981389145,0.32838236375946733,0.09885301401401098,0.11550221875944405,53.97862239696074,5.808101546903366,4.234650109495021,0.6647896372170097,0.059498345784198436,0.0780989825608458,13.228229588484028
GW190916_200658,45.68458825714178,17.01139031742762,12.265297241567325,24.019158804219607,13.245005950785561,10.423161538355016,27.979612302970025,8.974252789744163,6.432974391701876,1.8499127531450383,2.2427289301686697,0.7508792586663804,0.1525320603646473,0.32568615370498843,0.30130803981742094,4895.275252104197,2814.228826806753,2332.849954633346,0.7661455485602687,0.34207705523144505,0.3178065295348395,67.36616451749947,17.23732368473557,13.456047277515893,0.6871089182297478,0.13684303783947893,0.21646553060618645,7.549136766592605
GW190924_021846,9.102342883089957,2.5706036097463656,2.193074974012716,4.8050388177994,1.471005360592061,0.9438873193067572,5.690499980323797,0.202626898845085,0.14230254672105502,1.8951819380036357,1.1075871107802229,0.7978390729135241,0.04672879523389705,0.15555126161682992,0.10295467746852185,637.4698520115228,156.4028885488226,192.46298724380063,0.13140212035103777,0.029284738296969454,0.03740729195093841,13.31522628351032,1.7884427160864487,0.8939154138775258,0.6471166768793036,0.030515349527629243,0.046916271056541836,11.806093345338128
GW190925_232845,20.177894998859486,3.9431744566196443,2.4647239520179234,15.600617828980695,2.1347429938324787,2.5900667697501714,15.40585090369692,1.0287151830667476,0.9656011086653962,1.289182553824129,0.5346889387455356,0.250419722739575,0.046141906532609245,0.12708852352127542,0.1217598862432923,960.9162302726182,423.24338394942185,319.21568977491313,0.19100861639807612,0.07315247838050817,0.058801981005452225,34.20698467656025,2.478926585469246,2.202877776765824,0.6923110992774898,0.04624029575625632,0.049221661130329,9.622419107520265
GW190926_050336,40.10423040975448,19.085124522872775,10.44313295223467,23.439356165821792,10.784549969039155,9.24519739609671,25.93427460772502,9.318024035284513,5.453984922736161,1.7112432640780937,1.682026324707968,0.6255517422555019,-0.038017186621181066,0.25888792560890767,0.3498575411606764,3634.4514007427197,3172.300014501231,1868.5254740238022,0.5999608604459514,0.401823246050377,0.2734619995443506,60.94180327280847,22.897415519993444,11.73460505760736,0.6252616842825696,0.11213423100064879,0.2158407353239128,8.505780283155627
GW190929_012149,65.47595536965704,14.399492780404955,16.22838444075868,26.424400355441378,15.819156756759249,10.037406516739434,35.09612916878591,9.645475663013613,7.066163541774863,2.4561458175379745,2.1240384220580264,1.1628318779543572,-0.03008766489287006,0.23091826771552323,0.27271617103905593,3114.1334203685556,2486.2550240675873,1366.2648452262858,0.5278200038559361,0.3271481728027895,0.20420337557233825,89.37201059918567,16.553529287972154,14.3120763548758,0.5697706407083148,0.1517614125013883,0.2503913736336253,9.942493914170166
GW190930_133541,11.892954957229415,5.537499873377824,2.0093680305216797,8.100039496921152,1.5978808150829433,2.32470172443084,8.504439561550171,0.4775269421920072,0.43470946678215583,1.4617902173327457,1.5487529572141567,0.4219558719225869,0.13810586430509184,0.18768933663023182,0.13494017236223865,771.7498305923829,334.16606759666377,317.1662596976728,0.1565996590692653,0.06002031835769697,0.060704012878378844,19.210299038886447,3.268280593271168,1.302885436879329,0.705335602247404,0.03881052453541334,0.05365452510286162,9.931524130266418
